1   0   3
2   0   4
3   0   10
4   3   3
5   0   3
0   4   8
1   3   3
2   3   10
==========
0 1 3
0
1
==========
0 2 4
0
2
==========
0 3 6
0
1
3
==========
0 4 8
0
4
==========
0 5 3
0
5
==========
1 0 3
1
0
==========
1 2 7
1
0
2
==========
1 3 3
1
3
==========
1 4 6
1
3
4
==========
1 5 6
1
0
5
==========
2 0 4
2
0
==========
2 1 7
2
0
1
==========
2 3 10
2
0
1
3
==========
2 4 12
2
0
4
==========
2 5 7
2
0
5
==========
3 0 6
3
1
0
==========
3 1 3
3
1
==========
3 2 10
3
1
0
2
==========
3 4 3
3
4
==========
3 5 9
3
1
0
5
==========
4 0 8
4
0
==========
4 1 6
4
3
1
==========
4 2 12
4
0
2
==========
4 3 3
4
3
==========
4 5 11
4
0
5
==========
5 0 3
5
0
==========
5 1 6
5
0
1
==========
5 2 7
5
0
2
==========
5 3 9
5
0
1
3
==========
5 4 11
5
0
4
